0
0.0251294
0.0502428
0.0753246
0.100359
0.12533
0.150221
0.175018
0.199704
0.224264
0.248683
0.272944
0.297033
0.320934
0.344633
0.368114
0.391363
0.414364
0.437104
0.459567
0.481741
0.50361
0.525161
0.54638
0.567254
0.58777
0.607915
0.627676
0.64704
0.665996
0.684531
0.702634
0.720293
0.737497
0.754235
0.770497
0.786272
0.801551
0.816323
0.83058
0.844312
0.857511
0.870168
0.882276
0.893827
0.904813
0.915227
0.925064
0.934316
0.942978
0.951045
0.958511
0.965372
0.971622
0.97726
0.98228
0.986679
0.990456
0.993606
0.99613
0.998024
0.999288
0.99992
0.999922
0.999291
0.99803
0.996138
0.993617
0.990468
0.986694
0.982297
0.977279
0.971644
0.965396
0.958537
0.951074
0.943009
0.934349
0.925099
0.915265
0.904852
0.893868
0.88232
0.870214
0.857559
0.844362
0.830631
0.816376
0.801606
0.786329
0.770556
0.754296
0.737559
0.720357
0.7027
0.684598
0.666065
0.647111
0.627748
0.607989
0.587845
0.567331
0.546458
0.52524
0.50369
0.481822
0.45965
0.437187
0.414448
0.391448
0.3682
0.34472
0.321022
0.297122
0.273033
0.248772
0.224355
0.199795
0.175109
0.150313
0.125421
0.100451
0.075417
0.0503354
0.025222
9.26536e-05
-0.0250367
-0.0501503
-0.0752322
-0.100267
-0.125238
-0.15013
-0.174927
-0.199613
-0.224174
-0.248593
-0.272855
-0.296945
-0.320847
-0.344546
-0.368028
-0.391277
-0.41428
-0.43702
-0.459485
-0.481659
-0.50353
-0.525082
-0.546302
-0.567178
-0.587695
-0.607841
-0.627604
-0.646969
-0.665927
-0.684463
-0.702568
-0.720228
-0.737434
-0.754174
-0.770438
-0.786215
-0.801495
-0.816269
-0.830528
-0.844262
-0.857463
-0.870123
-0.882233
-0.893785
-0.904773
-0.91519
-0.925029
-0.934283
-0.942948
-0.951016
-0.958485
-0.965347
-0.971601
-0.97724
-0.982262
-0.986664
-0.990443
-0.993596
-0.996122
-0.998018
-0.999284
-0.999919
-0.999923
-0.999295
-0.998036
-0.996146
-0.993627
-0.990481
-0.986709
-0.982314
-0.977299
-0.971666
-0.96542
-0.958564
-0.951102
-0.94304
-0.934382
-0.925134
-0.915302
-0.904892
-0.89391
-0.882363
-0.87026
-0.857606
-0.844411
-0.830683
-0.81643
-0.801661
-0.786386
-0.770615
-0.754356
-0.737622
-0.720421
-0.702765
-0.684666
-0.666134
-0.647181
-0.62782
-0.608062
-0.58792
-0.567407
-0.546535
-0.525318
-0.50377
-0.481903
-0.459732
-0.43727
-0.414533
-0.391533
-0.368287
-0.344807
-0.32111
-0.29721
-0.273122
-0.248862
-0.224445
-0.199886
-0.1752
-0.150404
-0.125513
-0.100543
-0.0755094
-0.0504279
-0.0253146
-0.000185307
0.0249441
0.0500578
0.0751398
0.100174
0.125146
0.150038
0.174836
0.199523
0.224084
0.248503
0.272766
0.296856
0.320759
0.344459
0.367942
0.391192
0.414195
0.436937
0.459403
0.481578
0.50345
0.525003
0.546225
0.567102
0.58762
0.607768
0.627532
0.646899
0.665858
0.684396
0.702502
0.720164
0.737371
0.754113
0.770379
0.786157
0.80144
0.816216
0.830477
0.844213
0.857416
0.870077
0.882189
0.893744
0.904734
0.915153
0.924994
0.93425
0.942917
0.950988
0.958458
0.965323
0.971579
0.97722
0.982245
0.986649
0.99043
0.993586
0.996113
0.998012
0.999281
0.999918
0.999924
0.999298
0.998041
0.996154
0.993638
0.990494
0.986724
0.982332
0.977319
0.971688
0.965444
0.95859
0.951131
0.943071
0.934415
0.92517
0.915339
0.904931
0.893951
0.882407
0.870305
0.857654
0.844461
0.830735
0.816483
0.801717
0.786444
0.770674
0.754417
0.737684
0.720485
0.702831
0.684733
0.666203
0.647252
0.627892
0.608136
0.587995
0.567483
0.546613
0.525397
0.50385
0.481984
0.459814
0.437354
0.414617
0.391619
0.368373
0.344894
0.321198
0.297298
0.273211
0.248952
0.224535
0.199977
0.175292
0.150496
0.125605
0.100635
0.0756018
0.0505204
0.0254072
0.000277961
-0.0248515
-0.0499652
-0.0750474
-0.100082
-0.125054
-0.149946
-0.174744
-0.199432
-0.223993
-0.248413
-0.272677
-0.296768
-0.320671
-0.344372
-0.367856
-0.391107
-0.414111
-0.436854
-0.45932
-0.481497
-0.50337
-0.524924
-0.546147
-0.567025
-0.587545
-0.607694
-0.627459
-0.646828
-0.665788
-0.684328
-0.702436
-0.7201
-0.737309
-0.754052
-0.770319
-0.7861
-0.801384
-0.816162
-0.830425
-0.844163
-0.857368
-0.870031
-0.882145
-0.893702
-0.904694
-0.915115
-0.924958
-0.934217
-0.942886
-0.950959
-0.958432
-0.965299
-0.971557
-0.977201
-0.982227
-0.986634
-0.990417
-0.993575
-0.996105
-0.998006
-0.999277
-0.999917
-0.999925
-0.999302
-0.998047
-0.996162
-0.993648
-0.990507
-0.986739
-0.982349
-0.977338
-0.97171
-0.965468
-0.958617
-0.95116
-0.943102
-0.934448
-0.925205
-0.915377
-0.904971
-0.893993
-0.882451
-0.870351
-0.857702
-0.844511
-0.830786
-0.816537
-0.801772
-0.786501
-0.770733
-0.754478
-0.737747
-0.72055
-0.702897
-0.684801
-0.666272
-0.647323
-0.627964
-0.608209
-0.58807
-0.567559
-0.54669
-0.525476
-0.50393
-0.482065
-0.459896
-0.437437
-0.414701
-0.391704
-0.368459
-0.344981
-0.321285
-0.297387
-0.273301
-0.249042
-0.224625
-0.200067
-0.175383
-0.150588
-0.125697
-0.100728
-0.0756941
-0.050613
-0.0254999
